home = ( -0.0001460934096, -1.868294854, 0.002599890185, 3.125568498, 0.005297768693, 0.0589080251, -0.03894030307 );
zeroangle = ( 4.100330646, 4.84737929, 5.12042787, 6.140525094, 2.779573188, 2.886951843, 0.4157087935 );
