home = ( -0.007742950645, -1.871498566, -0.00319284747, 3.089519949, 0.02008407835, 0.1312581499, -0.006883906164 );
zeroangle = ( 4.198505416, 4.850447251, 4.700117134, 5.35359295, 3.560369409, 2.224272142, 1.210310842 );
