home = ( 0.002081831068, -1.866991649, 0.1780696678, 3.078696863, -0.006325693979, 0.1336302852, -0.6402032348 );
zeroangle = ( 4.664835576, 4.92561231, 4.724660827, 5.792311455, 2.090815814, 0.8651651644, 4.621884114 );
