home = ( 0.007195100361, -1.876548485, 0.0380404977, 3.095570652, -0.006167551634, 0.1119647834, 0.1957289615 );
zeroangle = ( 4.855049194, 5.169515255, 4.512971478, 5.9963309, 1.909806081, 0.8943107993, 4.697049173 );
