home = ( -1.252393154e-12, -1.868403454, -0.01172231158, 3.109717363, 0.01083275092, 0.05914523865, 0.001130193063 );
zeroangle = ( 4.793689962, 5.129631755, 4.720058884, 6.204952287, 3.394699484, 1.991107063, 5.491651221 );
