home = ( -0.0008400370994, -1.869435159, 0.004561210808, 3.119943902, 0.009330398599, 0.07053148777, -0.0517834108 );
zeroangle = ( 4.167825801, 5.017651157, 4.841243367, 5.853670687, 3.546563582, 2.365398375, 2.713612014 );
