home = ( -0.0001095700572, -1.868457755, -0.003420908008, 3.087304199, 0.001106996437, 0.137188488, -0.006267436993 );
zeroangle = ( 4.667903538, 4.980835618, 4.649495768, 5.850602725, 2.110757564, 0.788466125, 4.420932631 );
