home = ( -8.725152626e-13, -1.875516782, -0.004287538051, 3.132130526, 0.00253027758, 0.1926964526, 0.04726263604 );
zeroangle = ( 4.859651136, 5.4134182, 4.775282193, 6.221826076, 3.914718971, 1.952757543, 0.006135923152 );
