home = ( 0.0003287101676, -1.873914925, -0.001778872162, 3.088497296, -0.01692123138, 0.1405885486, -0.03051522436 );
zeroangle = ( 4.641825864, 5.194058948, 4.600408383, 5.921165841, 2.030990563, 0.8344855486, 4.466952054 );
