home = ( -8.725152626e-13, -1.876032634, -0.004926107556, 3.128210353, -0.007116405725, 0.1832869828, 0.04315284156 );
zeroangle = ( 4.819767636, 5.370466738, 4.776816173, 6.189612479, 3.650874275, 2.198194469, 6.168136748 );
