home = ( -9.22454211e-13, -1.867941903, -0.002599890073, 3.106734622, 0.006800121011, 0.1345000681, -0.004931753789 );
zeroangle = ( 4.773748212, 5.559146375, 4.723126846, 6.002466823, 2.952913017, 1.767145868, 5.569884241 );
