home = ( -3.652335336e-05, -1.869000757, 0.00378580498, 3.122585758, 0.007274548059, 0.06547093259, -0.04561871909 );
zeroangle = ( 4.0880588, 5.08207835, 4.86732104, 5.911961957, 2.919165439, 2.874679996, 0.04755340442 );
