home = ( -0.0003652335218, -1.87497378, -0.004926107556, 3.100172593, -0.0124932456, 0.1058763029, -0.02332308407 );
zeroangle = ( 4.827437539, 5.404214316, 4.855049194, 5.930369726, 3.761320892, 2.208932335, 5.27689391 );
