home = ( -0.002812298112, -1.868322004, -0.003694580653, 3.084918007, 0.001897708183, 0.1407466909, -0.008938803402 );
zeroangle = ( 4.566660806, 5.045262811, 4.709321019, 5.815321167, 2.2196702, 0.8590292412, 4.425534573 );
