home = ( -0.004236708844, -1.86981526, 0.005108556098, 3.117983815, -0.002213992897, 0.1614633386, -0.04880380981 );
zeroangle = ( 4.167825801, 5.025321061, 4.839709386, 5.881282341, 4.008291799, 1.722660425, 0.5430291989 );
