home = ( -8.725152626e-13, -1.875326731, 0.002691114399, 3.125312834, 0.00150235231, 0.1923801679, 0.05085870621 );
zeroangle = ( 4.833573463, 5.51005899, 4.649495768, 6.129787228, 3.508214062, 1.845378888, 3.900913144 );
