home = ( 0.0001460934075, -1.874729429, 0.002371829646, 3.127699026, 0.01012111035, 0.1757752212, 0.05486575582 );
zeroangle = ( 4.839709386, 5.559146375, 4.677107422, 6.183476556, 3.202951885, 1.753340041, 3.999087914 );
