home = ( -0.0002556634659, -1.868919306, -0.01172231158, 3.107501613, -0.001027925278, 0.1668401785, 0.001541172511 );
zeroangle = ( 4.853515213, 5.319845372, 4.77068025, 5.810719225, 3.624796602, 1.948155601, 5.770835724 );
