home = ( 3.652335122e-05, -1.875978334, -0.006522531319, 3.115171516, 0.008618758027, 0.1727705166, -0.02373406352 );
zeroangle = ( 4.795223943, 5.494719182, 4.815165693, 5.913495937, 3.844155854, 1.981903178, 5.183321082 );
