home = ( -3.652335334e-05, -1.871064164, -0.01099251786, 3.089434728, -0.005851266928, 0.1106205733, 0.001746662234 );
zeroangle = ( 4.967029791, 5.757029897, 4.674039461, 5.790777474, 3.614058736, 2.084679891, 5.652719203 );
